   3.97396,   7.86000,  11.28000
   3.48162,  15.44000,  14.76000
   3.10346,  22.27000,  20.87000
   2.83784,  27.26000,  26.26000
   2.63800,  31.18000,  25.29000
   2.49871,  34.13000,  24.69000
   2.38471,  36.44000,  33.40000
   2.28632,  38.93000,  36.79000
   2.20304,  40.82000,  31.95000
   2.12820,  42.65000,  36.27000
   2.05549,  44.20000,  39.07000
   2.02658,  44.95000,  39.24000
   1.97788,  45.86000,  38.26000
   1.94327,  46.80000,  43.03000
   1.91252,  47.19000,  41.16000
   1.87531,  48.60000,  41.03000
   1.86199,  48.84000,  43.31000
   1.82877,  49.54000,  37.28000
   1.81782,  49.73000,  45.34000
   1.78407,  50.66000,  44.04000
   1.77795,  50.73000,  41.78000
   1.75751,  51.18000,  40.46000
   1.74023,  51.78000,  38.81000
   1.73548,  51.83000,  38.75000
   1.71982,  52.19000,  43.25000
   1.70570,  52.66000,  44.19000
   1.69169,  52.75000,  42.01000
   1.68105,  53.18000,  39.16000
   1.67074,  53.32000,  40.90000
   1.66721,  53.30000,  47.96000
   1.65843,  53.70000,  31.79000
   1.64816,  53.70000,  46.47000
   1.64394,  53.87000,  45.06000
   1.63181,  54.35000,  37.79000
   1.62169,  54.36000,  41.54000
   1.61932,  54.33000,  39.11000
   1.62427,  54.75000,  39.10000
   1.61123,  54.60000,  42.63000
   1.60425,  54.94000,  47.57000
   1.60263,  55.06000,  37.55000
   1.59482,  55.02000,  44.74000
   1.59288,  55.09000,  46.04000
   1.58693,  55.63000,  47.25000
   1.57951,  55.42000,  48.73000
   1.58273,  55.23000,  46.98000
   1.58408,  55.51000,  46.38000
   1.56905,  55.90000,  46.51000
   1.56694,  55.73000,  48.85000
   1.56125,  56.02000,  48.06000
   1.55657,  56.32000,  46.64000
   1.55966,  56.01000,  42.77000
   1.55791,  56.04000,  44.61000
   1.54400,  56.46000,  49.68000
   1.55558,  56.19000,  45.68000
   1.54273,  56.60000,  44.22000
   1.54550,  56.27000,  45.37000
   1.53266,  56.94000,  43.32000
   1.53556,  56.74000,  38.36000
   1.53992,  56.46000,  39.73000
   1.54038,  56.82000,  44.96000
   1.53033,  56.60000,  42.23000
   1.54279,  56.62000,  47.63000
   1.53434,  56.68000,  49.90000
   1.53210,  56.71000,  50.70000
   1.52682,  57.05000,  49.24000
   1.51976,  57.23000,  46.26000
   1.51507,  57.14000,  44.36000
   1.52009,  57.05000,  41.20000
   1.51252,  57.20000,  48.19000
   1.52144,  56.92000,  43.00000
   1.52269,  56.95000,  44.06000
   1.51085,  57.37000,  49.86000
   1.51918,  57.10000,  39.00000
   1.50586,  57.40000,  46.78000
   1.51223,  57.19000,  40.99000
   1.50326,  57.19000,  48.37000
   1.51276,  57.37000,  44.57000
   1.49798,  57.77000,  42.90000
   1.49712,  57.68000,  42.86000
   1.50424,  57.31000,  50.76000
   1.50148,  57.64000,  46.53000
   1.50475,  57.52000,  48.21000
   1.50235,  57.65000,  43.28000
   1.50102,  57.66000,  37.07000
   1.49430,  57.70000,  48.51000
   1.49330,  57.56000,  44.81000
   1.49311,  57.85000,  47.00000
   1.49120,  57.93000,  39.45000
   1.48995,  57.66000,  40.03000
   1.49106,  57.66000,  45.30000
   1.48455,  57.92000,  45.28000
   1.48867,  57.87000,  40.78000
   1.48600,  57.79000,  34.02000
   1.49309,  57.65000,  48.99000
   1.48068,  57.98000,  41.23000
   1.47364,  58.06000,  49.56000
   1.48132,  57.98000,  47.64000
   1.47711,  58.07000,  46.37000
   1.47397,  58.02000,  47.60000
   1.48139,  58.09000,  49.48000
   1.16991,  66.34000,  61.30000
   1.08239,  68.47000,  61.08000
   1.05242,  69.21000,  62.34000
   1.02789,  69.96000,  62.06000
   1.01724,  70.05000,  62.82000
   1.00408,  70.44000,  61.28000
   1.00161,  70.40000,  62.75000
   0.98834,  70.96000,  59.80000
   0.98371,  70.89000,  62.44000
   0.97826,  70.70000,  61.69000
   0.97097,  71.17000,  60.68000
   0.96708,  71.18000,  62.53000
   0.95229,  71.64000,  61.63000
   0.95456,  71.41000,  61.61000
   0.95758,  71.67000,  61.76000
   0.95761,  71.72000,  61.15000
   0.95704,  71.77000,  61.93000
   0.94751,  71.78000,  61.79000
   0.95210,  71.74000,  60.17000
   0.94902,  71.75000,  60.59000
   0.95179,  71.71000,  58.00000
   0.94844,  71.94000,  61.76000
   0.94072,  71.85000,  61.77000
   0.94525,  71.91000,  60.25000
   0.94449,  71.77000,  57.51000
   0.94072,  71.89000,  61.14000
   0.94376,  71.78000,  58.44000
   0.94809,  71.81000,  59.20000
   0.93502,  71.94000,  59.95000
   0.94386,  71.73000,  60.58000
   0.93563,  71.92000,  61.11000
   0.93376,  72.17000,  56.87000
   0.93772,  71.87000,  60.94000
   0.94478,  71.61000,  57.03000
   0.94134,  71.77000,  59.24000
   0.93566,  71.97000,  58.95000
   0.93364,  72.18000,  61.84000
   0.93516,  71.96000,  58.58000
   0.94179,  71.75000,  60.30000
   0.93720,  72.01000,  61.20000
   0.93009,  72.24000,  61.35000
   0.93726,  71.79000,  61.05000
   0.93295,  72.01000,  59.53000
   0.93315,  71.88000,  60.56000
   0.93150,  72.09000,  59.53000
   0.93411,  71.99000,  59.68000
   0.93432,  71.94000,  59.43000
   0.93258,  72.07000,  59.97000
   0.92974,  72.14000,  53.08000
   0.93277,  72.12000,  56.35000
   0.81317,  75.50000,  65.38000
   0.77383,  76.64000,  65.40000
   0.76865,  76.98000,  65.25000
   0.75631,  77.44000,  65.54000
   0.75545,  77.04000,  63.48000
   0.74964,  77.34000,  65.25000
   0.75339,  77.23000,  64.90000
   0.75114,  77.16000,  65.27000
   0.75928,  77.04000,  63.32000
   0.75512,  76.94000,  64.30000
   0.74845,  77.25000,  65.11000
   0.74472,  77.37000,  64.18000
   0.74947,  77.26000,  63.49000
   0.75030,  77.13000,  64.60000
   0.75023,  77.19000,  64.04000
   0.75357,  77.16000,  64.75000
   0.75698,  77.13000,  64.04000
   0.75072,  77.22000,  64.08000
   0.74891,  77.09000,  62.84000
   0.74930,  77.06000,  63.47000
   0.75049,  77.08000,  61.73000
   0.75029,  76.98000,  64.38000
   0.75478,  77.03000,  63.39000
   0.75148,  77.11000,  63.36000
   0.75751,  76.92000,  64.31000
   0.74836,  77.11000,  64.16000
   0.75576,  76.96000,  63.98000
   0.74925,  77.23000,  63.69000
   0.75795,  76.83000,  63.17000
   0.75382,  77.01000,  61.72000
   0.70550,  78.68000,  65.77000
   0.68694,  79.29000,  65.94000
   0.68683,  79.08000,  65.80000
   0.68577,  79.12000,  65.65000
   0.68449,  79.25000,  64.88000
   0.69032,  78.86000,  65.27000
   0.68973,  78.87000,  65.54000
   0.69294,  78.91000,  65.87000
   0.68994,  78.94000,  65.65000
   0.69003,  79.08000,  64.85000
   0.68155,  79.09000,  65.76000
   0.68726,  78.96000,  65.53000
   0.68785,  78.96000,  65.50000
   0.69135,  78.89000,  65.39000
   0.68953,  79.03000,  64.40000
   0.69341,  78.90000,  64.52000
   0.69251,  78.83000,  65.57000
   0.68964,  78.91000,  65.42000
   0.69517,  78.71000,  65.58000
   0.69379,  78.83000,  63.38000
